1 4.54e-05 7.9e-06
101 0.0197749 0.029091
201 0.0896699 0.25454
301 0.24214 0.77575
401 0.317753 1.83268
501 0.492534 3.75168
601 0.76009 6.04862
701 1.03921 9.77722
801 1.41638 14.7254
901 1.7955 20.6459
1001 2.248 28.522
1101 2.75242 37.8174
1201 3.26884 49.3289
1301 3.85326 62.4962
1401 4.40288 78.1028
1501 5.13146 96.8532
1601 5.99617 122.025
1701 6.77413 133.928
1801 7.49046 158.124
1901 8.50792 184.75
2001 9.46926 211.522
2101 10.3892 240.623
2201 11.3443 272.501
2301 12.4437 306.803
2401 13.6348 344.008
2501 14.8039 383.537
2601 16.0467 425.92
2701 17.3759 471.634
2801 18.696 520.938
2901 20.1588 573.065
3001 21.5619 628.912
3101 23.0895 688.251
3201 24.5875 751.773
3301 26.1949 818.668
3401 27.7769 890.113
3501 29.4126 964.483
3601 31.1021 1044.44
3701 32.7849 1127.74
3801 34.558 1216.74
3901 36.4604 1310.97
4001 38.5159 1602.79
4101 40.7672 1709.65
4201 43.0559 1820.89
4301 45.3066 1936.84
4401 47.5983 2057.36
4501 49.9386 2182.89
4601 52.282 2313.24
4701 54.7322 2448.37
4801 57.2482 2588.9
4901 59.7316 2734.12
5001 62.3061 2884.99
5101 64.8893 3039.52
5201 67.5205 3199.46
5301 70.1498 3365.38
5401 72.8483 3535.48
5501 75.5182 3712.48
5601 78.3212 3894.48
5701 81.0701 4081.25
5801 83.872 4273.46
5901 86.7646 4470.98
6001 89.7086 4673.13
6101 92.6686 4881.82
6201 95.6697 5096.71
6301 98.7322 5317.27
6401 101.833 5543.41
6501 105.005 5775.39
6601 108.221 6013.26
6701 111.494 6257.64
6801 114.826 6508.3
6901 118.235 6765.73
7001 121.696 7029.73
7101 125.263 7299.15
7201 128.892 7576.09
7301 132.595 7859.83
7401 136.362 8148.94
7501 140.211 8446.84
7601 144.13 8750.8
7701 148.119 9061.16
7801 152.167 9377.02
7901 156.266 9698.95
8001 160.43 10026.8
8101 164.657 10360.3
8201 168.954 10700.4
8301 173.319 11046.7
8401 177.746 11400.7
8501 182.244 11760.9
8601 186.818 12128.1
8701 191.458 12502.8
8801 196.178 12883.8
8901 200.97 13272
9001 205.837 13666
9101 210.786 14066.4
9201 215.805 14472.1
9301 220.895 14885.1
9401 226.066 15303.2
9501 231.306 15728.1
9601 236.621 16158.8
9701 242.008 16594.1
9801 247.467 17036.5
9901 253.192 17483.7
10001 258.608 17936.2
