1 1.35e-05 8.4e-06
101 0.0172666 0.0295022
201 0.0811048 0.220254
301 0.21434 0.757135
401 0.43705 1.815
501 0.510233 3.56993
601 0.762395 6.11784
701 0.983156 9.87238
801 1.35731 14.5451
901 1.76429 20.7596
1001 2.1498 28.5143
1101 2.72888 37.5293
1201 3.27983 49.037
1301 3.74893 62.5801
1401 4.30623 78.0115
1501 5.22074 96.4866
1601 6.23395 116.193
1701 6.68076 139.557
1801 7.32442 165.588
1901 8.45758 195.241
2001 8.8695 224.863
2101 9.36914 268.496
2201 9.90564 315.766
2301 10.4373 366.963
2401 10.9436 422.614
2501 11.5468 483.418
2601 12.0891 549.848
2701 12.7325 623.63
2801 13.3793 704.226
2901 14.0079 792.442
3001 14.6699 889.58
3101 15.3294 995.544
3201 15.9772 1111.27
3301 16.6595 1237.15
3401 17.4089 1368.38
3501 18.0783 1504.73
3601 18.7036 1651.9
3701 19.3636 1806.19
3801 20.0604 1970.56
3901 20.7669 2141.69
4001 21.4303 2318.62
4101 22.1932 2513.84
4201 23.0496 2725.85
4301 24.3408 2954.93
4401 25.6382 3196.14
4501 26.9255 3452.99
4601 28.3824 3715.09
4701 29.8315 3986.15
4801 31.4709 4277.05
4901 33.084 4579.1
5001 34.6055 4891.56
5101 36.2857 5216.36
5201 38.072 5548.99
5301 40.0306 5887.09
5401 42.0755 6240.99
5501 44.1732 6603.19
5601 46.3205 6974.2
5701 48.568 7357.15
5801 50.8754 7749.96
5901 53.2882 8147.85
6001 55.7494 8555.68
6101 58.3466 8970.65
6201 60.9734 9395.7
6301 63.7986 9832.2
6401 66.6789 10280.3
6501 69.6813 10735
6601 72.7322 11193.3
6701 75.911 11655.6
6801 79.2171 12121.5
6901 82.4517 12589.4
7001 85.9016 13065.3
7101 89.4405 13547.3
7201 93.0253 14030.3
7301 96.7203 14518.9
7401 100.597 15013.8
7501 104.5 15516.8
7601 108.579 16026.9
7701 112.649 16546.9
7801 116.842 17068
7901 121.124 17599.3
8001 125.397 18127.9
8101 129.907 18653.6
8201 134.431 19185.4
8301 138.953 19721.7
8401 143.728 20259.9
8501 148.47 20801.1
8601 153.348 21345.6
8701 158.33 21895
8801 163.355 22444.1
8901 168.513 23003.8
9001 173.737 23562.2
9101 179.027 24123.3
9201 184.327 24689.4
9301 189.669 25256.2
9401 195.123 25828.2
9501 200.657 26398.9
9601 206.335 26975.8
9701 212.053 27556.6
9801 217.831 28140.2
9901 223.692 28722.7
10001 229.623 29307.5
